31070
41852
17505
43367
38979
36629
51525
38164
45068
25775
8125
31243
52128
19797
16867
15437
20642
37032
36256
64060
9363
51483
1671
22948
31635
49851
28801
13256
37750
32404
899
49294
49106
41418
64159
43103
28595
57073
34036
5082
51455
20053
5353
50768
14736
55072
54386
3767
59325
43991
15250
18457
17654
57478
46050
18724
35383
31968
38917
28818
35040
22595
11155
33705
49167
1438
50920
52131
59463
6626
64776
24710
21034
60620
2109
23006
19101
25198
3880
21171
52245
24367
36595
54125
49981
53595
21422
30030
4610
3614
17512
64796
55392
62643
63766
61543
50065
32192
39855
57482
45946
11908
14167
35385
47329
15351
65432
5804
42512
59762
43312
1606
23718
1313
64976
14914
63333
742
61147
65002
33590
36907
37019
1511
24736
2388
19042
61520
41938
47015
53240
38854
63025
28023
244
25050
1696
63950
57905
54085
32422
3466
36836
1407
36613
54696
15146
57093
24637
37341
12104
5272
18290
24526
6385
19496
24519
59979
44882
11297
47298
34159
45925
35244
25802
56430
30937
16507
25787
55440
50153
58698
22508
64152
23739
31511
28763
27837
57732
33089
63999
35828
59636
8114
42992
16269
44266
21711
17241
58951
11693
59638
35902
58568
61246
33645
29762
31295
14225
42679
1311
45560
40336
5369
32914
23374
2091
18962
43867
29124
10860
24416
59883
23660
32803
63021
22717
47970
44537
16517
27919
62291
33431
7781
53905
26345
13432
40288
8261
62460
37859
13592
61447
15210
62001
31144
49614
56961
22938
61538
37697
57348
13061
24949
65251
59815
44169
46207
10484
19817
39762
52400
27824
11427
24820
17827
10214
31108
46791
39489
50765
19195
33915
32116
14011
47913
57690
48972
50096
52606
37959
25223
13258
28693
19857
52469
34560
58297
6515
43644
22517
50073
19122
64884
12010
41328
11477
24998
4808
4277
62621
3953
38333
60403
40596
11607
2886
16009
9833
21753
42619
13145
57649
24629
58924
41556
57339
383
64050
50170
25332
57914
4004
26222
20009
61622
41264
62655
46050
49222
52122
12790
19519
54844
5366
46853
45473
4444
15664
53535
34005
1125
20743
5439
62978
49649
60180
59988
20320
48795
63958
64924
61453
49140
33695
24737
1767
23068
19087
20027
25284
62560
18703
57359
56775
17942
15224
30930
32763
29076
39740
13554
8566
29288
62481
15308
30971
16314
35228
31569
30874
29308
9553
57141
10710
15083
13690
59351
58623
10258
22926
7170
30606
35065
4519
59402
14899
47076
41203
21645
5253
18153
47645
39857
18641
2177
17050
3415
41438
12449
13128
13727
13773
4549
17321
42328
36778
12105
56823
42580
21562
53705
42753
9594
45351
60764
21033
3877
24426
53814
16746
40718
13660
51580
41012
57570
8801
51029
57156
63817
38867
50037
11519
13600
28905
63560
16930
15909
10321
18687
31555
58796
54745
52796
11753
28451
64440
6720
47385
8642
33101
7823
22089
43743
29565
55307
54856
50452
53474
33332
32420
62572
3161
12382
15619
32948
17213
21192
34773
15832
53287
1967
1068
64118
51044
46127
30795
28518
39439
28650
38712
25436
8121
26533
50300
1365
22384
47183
23870
43539
32666
919
16037
34366
37676
25476
56815
23212
41467
37309
7755
33887
58443
23428
16481
28928
22131
33587
33034
5226
19471
19787
50424
57205
59799
24737
40848
42140
10994
45154
2265
20505
56485
39591
45786
59203
14127
41133
30382
45627
6085
25876
12056
5100
51908
23326
17829
31484
8566
38311
35522
6886
61974
57383
52475
7052
60645
5477
16837
34510
57248
63774
49007
5119
32827
37307
9693
45143
52310
40929
6005
13797
2869
49395
22131
39044
55213
37482
6670
7732
1410
48059
27553
13807
11626
44595
56201
43533
37820
41931
31024
16896
37535
35201
7842
11886
49406
3548
36776
39682
32402
41739
15295
34554
4712
27512
19153
8337
3938
27278
64317
42049
39192
65393
52803
34770
32161
22329
62222
7745
61023
48616
18895
1367
11593
15117
1312
29718
30018
55109
49390
53957
7611
1181
4422
3582
54152
37760
22913
34425
17829
10948
51863
52021
54257
37279
59273
60380
23308
4154
58767
57671
51779
30030
50341
35612
41684
50988
33112
5851
8535
35559
17269
22384
42613
48943
50171
61473
62040
61539
14401
2857
6601
4669
7811
14162
25544
24562
8566
37171
52770
22416
37674
26620
5657
53069
29653
31688
19198
7570
42290
59402
4822
46317
28531
61556
34849
28197
20228
42415
35513
60090
43999
41389
20449
2821
30878
42427
11811
54256
15110
26279
997
25103
60810
18935
4822
41527
56249
49692
55732
37788
48851
39815
59621
21559
13794
12595
10178
18253
21171
45441
47159
19999
33738
27583
1762
30182
8444
24612
32541
15096
23819
55169
24404
49448
16486
47474
53697
15265
37122
20528
29634
27830
30281
35845
2438
18147
8161
3667
8169
36226
28544
63858
43670
1011
27318
59224
19412
36678
9820
29066
25905
22341
41988
22874
34766
49674
16119
56387
32634
20388
25546
54660
24693
15291
20563
32819
33759
8141
776
33810
48543
64592
42501
16335
51031
22296
3118
19782
35321
60684
869
7132
47620
39411
40699
19174
62592
1476
22133
34250
64518
45345
8116
58901
55372
40276
5647
61681
57222
58638
60102
52627
14928
44180
15351
15817
22595
16573
3891
41145
22518
38272
26846
3764
22573
34301
17243
41934
29901
53867
50576
53734
16343
21247
24836
4718
28831
52066
41405
20606
22727
14210
46777
44340
12976
61983
42526
57063
18167
15894
26066
61402
8703
12079
44267
57095
65026
48190
54730
62842
13752
40245
63721
8420
3543
4725
65209
28857
42056
35161
36980
53936
2547
25417
60937
17889
55980
45655
63314
7544
25966
12071
29122
17752
12543
51662
24390
16342
23903
12410
18440
15596
50257
19873
44173
62577
29298
51778
35239
5839
63822
59810
22748
13858
33190
55623
18369
1377
28241
46043
21621
6
50055
48767
32251
51967
36549
49174
33398
31714
55410
1879
35779
1416
36122
47508
21104
11664
36768
12022
24722
1362
17298
27651
18155
3685
17938
37288
26667
8109
24498
26401
60778
14279
37270
53759
3409
40261
18220
12973
59916
45147
27526
40294
23157
23789
22647
55936
15844
11142
13808
62515
55620
947
33908
62714
56477
3894
50506
55137
21286
6976
49626
43038
64274
57359
4070
33944
32271
53217
34372
39942
15838
18580
17353
14115
62012
6087
17424
15236
5141
19412
51856
47851
65198
60752
59261
7716
